function y = g1(x)
    y = 100*x(1) - x(1)*(400 - x(4)) + 833.33252*x(4) - 83333.333;
end
