function y = g4(x)
    y = [x(1)-100; -x(1)+10000; x(2)-1000; -x(2)+10000; x(3)-1000; -x(3)+10000; x(4)-10; -x(4)+1000; x(5)-10; -x(5)+1000];
end